{
f1_weighted:  0.5465581206838696
f1_macro:  0.37493160195255454
bin_f1_weighted:  0.9382140472108651
bin_f1_macro:  0.5021016719129926
}