{
f1_weighted:  0.5094716391423598
f1_macro:  0.3893620107458407
bin_f1_weighted:  0.8531630070551254
bin_f1_macro:  0.513751800744064
}