{
f1_weighted:  0.5203479751476678
f1_macro:  0.4081599385441583
bin_f1_weighted:  0.8929358027846647
bin_f1_macro:  0.5370021066136322
}