{
f1_weighted:  0.5153596735648288
f1_macro:  0.39297057560982235
bin_f1_weighted:  0.8596096347315754
bin_f1_macro:  0.5141800926947694
}