{
f1_weighted:  0.4834212426983137
f1_macro:  0.3673654828580115
bin_f1_weighted:  0.8248248899768719
bin_f1_macro:  0.49323140323346437
}