{
f1_weighted:  0.44787917665063115
f1_macro:  0.3524053712856244
bin_f1_weighted:  0.7895242723329198
bin_f1_macro:  0.47074664362326774
}