{
f1_weighted:  0.5114560634748968
f1_macro:  0.38757505542279275
bin_f1_weighted:  0.8756144404319235
bin_f1_macro:  0.5288598739098149
}