{
f1_weighted:  0.4967520189874255
f1_macro:  0.37408208984354635
bin_f1_weighted:  0.8497337158478416
bin_f1_macro:  0.5066445789736531
}