{
f1_weighted:  0.5619882268848002
f1_macro:  0.4078671612212876
bin_f1_weighted:  0.9321086283338936
bin_f1_macro:  0.5280688097395388
}