{
f1_weighted:  0.5076424585597492
f1_macro:  0.39774114776921876
bin_f1_weighted:  0.8581715801069579
bin_f1_macro:  0.5187323993868749
}