{
f1_weighted:  0.5383978091214824
f1_macro:  0.41229694420435287
bin_f1_weighted:  0.9348754570390169
bin_f1_macro:  0.5584763741562199
}