{
f1_weighted:  0.40808398250797195
f1_macro:  0.325701483360197
bin_f1_weighted:  0.7406741410008503
bin_f1_macro:  0.44267163388423725
}