{
f1_weighted:  0.5445539517830424
f1_macro:  0.4212072706549385
bin_f1_weighted:  0.9185976881012617
bin_f1_macro:  0.5510282292009075
}