{
f1_weighted:  0.5019694994029067
f1_macro:  0.38265101014131614
bin_f1_weighted:  0.8937488383023144
bin_f1_macro:  0.5266776001093345
}