{
f1_weighted:  0.49488895448112613
f1_macro:  0.38317922996034864
bin_f1_weighted:  0.8643809680844782
bin_f1_macro:  0.5104236793008852
}