{
f1_weighted:  0.5186296724482635
f1_macro:  0.38520256601437425
bin_f1_weighted:  0.9150959402497213
bin_f1_macro:  0.5248996512469567
}