{
f1_weighted:  0.5617294990576557
f1_macro:  0.43281653746770027
bin_f1_weighted:  0.923680217024049
bin_f1_macro:  0.5640530965896965
}