{
f1_weighted:  0.49436855214725856
f1_macro:  0.3884990632316179
bin_f1_weighted:  0.8776555432372135
bin_f1_macro:  0.5356762600758167
}