{
f1_weighted:  0.5271737932183851
f1_macro:  0.4086539407730057
bin_f1_weighted:  0.914254711477748
bin_f1_macro:  0.5478295587281468
}