{
f1_weighted:  0.5653618167062385
f1_macro:  0.41397654567899883
bin_f1_weighted:  0.9291761951227021
bin_f1_macro:  0.5297860194460813
}