{
f1_weighted:  0.5332762886991824
f1_macro:  0.398951501765561
bin_f1_weighted:  0.8972784523240991
bin_f1_macro:  0.5247833922840428
}