{
f1_weighted:  0.42608723465351434
f1_macro:  0.3221770639840809
bin_f1_weighted:  0.7335580232649069
bin_f1_macro:  0.44112230952785547
}