{
f1_weighted:  0.5560267276301623
f1_macro:  0.4108793087419795
bin_f1_weighted:  0.9186623546508089
bin_f1_macro:  0.5298025726805824
}