{
f1_weighted:  0.529590520683552
f1_macro:  0.4088333912032494
bin_f1_weighted:  0.906540456937422
bin_f1_macro:  0.5399570612268714
}