{
f1_weighted:  0.5399880911459135
f1_macro:  0.40363317782957414
bin_f1_weighted:  0.9373766147296368
bin_f1_macro:  0.5449444423935915
}