{
f1_weighted:  0.4930019202377692
f1_macro:  0.3685894062440817
bin_f1_weighted:  0.8578370043084955
bin_f1_macro:  0.5124338223079312
}