{
f1_weighted:  0.5524322118590977
f1_macro:  0.4105410344216314
bin_f1_weighted:  0.924659604387032
bin_f1_macro:  0.5439005439005439
}