{
f1_weighted:  0.531772837711767
f1_macro:  0.41874960071697537
bin_f1_weighted:  0.91589933797684
bin_f1_macro:  0.5577154912597951
}