{
f1_weighted:  0.5368523400956746
f1_macro:  0.37477663797982097
bin_f1_weighted:  0.9376879207770153
bin_f1_macro:  0.5121748524889886
}