{
f1_weighted:  0.5409284932391528
f1_macro:  0.40939230307696467
bin_f1_weighted:  0.933623061982075
bin_f1_macro:  0.5499855351976857
}