{
f1_weighted:  0.5183741381226573
f1_macro:  0.4057664759936234
bin_f1_weighted:  0.9230012226862091
bin_f1_macro:  0.5627726685414608
}