{
f1_weighted:  0.5414057701317602
f1_macro:  0.40300092148750816
bin_f1_weighted:  0.9188108130364792
bin_f1_macro:  0.5389779838362343
}