{
f1_weighted:  0.5543908306659042
f1_macro:  0.4348148012956128
bin_f1_weighted:  0.9216637778142376
bin_f1_macro:  0.5641883971136061
}