{
f1_weighted:  0.5024835538584554
f1_macro:  0.3882439528102417
bin_f1_weighted:  0.8763469403034287
bin_f1_macro:  0.5250848673400449
}