{
f1_weighted:  0.5287440297222774
f1_macro:  0.4085259553431886
bin_f1_weighted:  0.902462481345955
bin_f1_macro:  0.5376404044849419
}