{
f1_weighted:  0.5158865956773122
f1_macro:  0.39396469930262396
bin_f1_weighted:  0.8629129374437736
bin_f1_macro:  0.5256111493372454
}