{
f1_weighted:  0.5417322997866297
f1_macro:  0.4119254359413625
bin_f1_weighted:  0.9247671424237501
bin_f1_macro:  0.548813671530922
}