{
f1_weighted:  0.4303452224482548
f1_macro:  0.3293602996162274
bin_f1_weighted:  0.7331901874778072
bin_f1_macro:  0.43973950108094023
}