{
f1_weighted:  0.5497544133315223
f1_macro:  0.42560206350712715
bin_f1_weighted:  0.9308173127181019
bin_f1_macro:  0.5604158407118629
}