{
f1_weighted:  0.5509218185700417
f1_macro:  0.4205741598718255
bin_f1_weighted:  0.9040638473563413
bin_f1_macro:  0.542977726264866
}