{
f1_weighted:  0.4818350718961514
f1_macro:  0.37425430260796116
bin_f1_weighted:  0.8569928998338285
bin_f1_macro:  0.515587749862461
}