{
f1_weighted:  0.49297101606586463
f1_macro:  0.3820678493334518
bin_f1_weighted:  0.8538803127806128
bin_f1_macro:  0.5144545233378515
}