{
f1_weighted:  0.5138642351516954
f1_macro:  0.3933856928292174
bin_f1_weighted:  0.8970040969130092
bin_f1_macro:  0.5336144307019929
}