{
f1_weighted:  0.504644285203851
f1_macro:  0.38540147924626583
bin_f1_weighted:  0.8467681869655728
bin_f1_macro:  0.5094732891150456
}