,0,1,2
0,402,228,82
1,380,428,167
2,23,26,25
