{
f1_weighted:  0.5455880927871963
f1_macro:  0.4278560678841317
bin_f1_weighted:  0.9300340109247213
bin_f1_macro:  0.5682799525504152
}