{
f1_weighted:  0.5274354108459081
f1_macro:  0.4027617808544239
bin_f1_weighted:  0.8965488048461979
bin_f1_macro:  0.5444287034185402
}