{
f1_weighted:  0.5469490367389402
f1_macro:  0.40640017627705943
bin_f1_weighted:  0.9053707664882011
bin_f1_macro:  0.524459199940783
}