{
f1_weighted:  0.5498666652759092
f1_macro:  0.4166004066508411
bin_f1_weighted:  0.8948746367371478
bin_f1_macro:  0.5338529411764705
}