{
f1_weighted:  0.45249314745704394
f1_macro:  0.3397230063541299
bin_f1_weighted:  0.770162028181702
bin_f1_macro:  0.46018472032959584
}