{
f1_weighted:  0.5319571040991568
f1_macro:  0.3988749060401057
bin_f1_weighted:  0.9336955964726161
bin_f1_macro:  0.5440458881873768
}