{
f1_weighted:  0.5388948151161778
f1_macro:  0.42446021884123697
bin_f1_weighted:  0.9165753438298203
bin_f1_macro:  0.558857211022307
}