{
f1_weighted:  0.5579115172660778
f1_macro:  0.41110376867315473
bin_f1_weighted:  0.9157435641777716
bin_f1_macro:  0.5257630161579893
}