{
f1_weighted:  0.5117843187480706
f1_macro:  0.39912758849780716
bin_f1_weighted:  0.8735752839402161
bin_f1_macro:  0.5220776509564546
}