{
f1_weighted:  0.5339754019756879
f1_macro:  0.40393834160595593
bin_f1_weighted:  0.9332876288176238
bin_f1_macro:  0.5493007268995903
}