{
f1_weighted:  0.528839182828165
f1_macro:  0.40390418093241814
bin_f1_weighted:  0.8907566789079465
bin_f1_macro:  0.5369523728741676
}