{
f1_weighted:  0.47895443857273545
f1_macro:  0.37011093584148885
bin_f1_weighted:  0.8437801988102427
bin_f1_macro:  0.5048547943604781
}