{
f1_weighted:  0.5636781500444706
f1_macro:  0.4307054484239658
bin_f1_weighted:  0.9245967714282315
bin_f1_macro:  0.5574550885305226
}