{
f1_weighted:  0.5127997905239589
f1_macro:  0.3902316712506095
bin_f1_weighted:  0.8613786928953149
bin_f1_macro:  0.5159456059838997
}