{
f1_weighted:  0.5404626891495785
f1_macro:  0.4270492173762563
bin_f1_weighted:  0.9182683253676787
bin_f1_macro:  0.5617831380481662
}