{
f1_weighted:  0.3910795428249932
f1_macro:  0.31431398678819383
bin_f1_weighted:  0.6991233473418863
bin_f1_macro:  0.42187578436071915
}