{
f1_weighted:  0.5479299915495458
f1_macro:  0.4207667861229416
bin_f1_weighted:  0.9142381787188817
bin_f1_macro:  0.5514334734795694
}