{
f1_weighted:  0.5205870298658937
f1_macro:  0.4017922616723293
bin_f1_weighted:  0.8666937090437781
bin_f1_macro:  0.5276417811670389
}