{
f1_weighted:  0.5286938723303273
f1_macro:  0.3989550519862856
bin_f1_weighted:  0.8775790740448136
bin_f1_macro:  0.519252943781786
}