{
f1_weighted:  0.551119791644328
f1_macro:  0.4089613567338956
bin_f1_weighted:  0.8927098446817451
bin_f1_macro:  0.5164470139786006
}