{
f1_weighted:  0.5302658344561355
f1_macro:  0.36131617451449854
bin_f1_weighted:  0.9374185596403647
bin_f1_macro:  0.4892691415313225
}