{
f1_weighted:  0.5192749913791017
f1_macro:  0.408352085835527
bin_f1_weighted:  0.895992655135395
bin_f1_macro:  0.5409280500521376
}