{
f1_weighted:  0.49514137440056044
f1_macro:  0.3987394192827243
bin_f1_weighted:  0.8579003617256764
bin_f1_macro:  0.5334573735946503
}