{
f1_weighted:  0.5424181175089413
f1_macro:  0.4157613038308292
bin_f1_weighted:  0.91589933797684
bin_f1_macro:  0.5577154912597951
}