{
f1_weighted:  0.5455326625984815
f1_macro:  0.40370183496065604
bin_f1_weighted:  0.8957746353234703
bin_f1_macro:  0.5166633013202234
}