{
f1_weighted:  0.5536560761576134
f1_macro:  0.3875885954088354
bin_f1_weighted:  0.9389271586155059
bin_f1_macro:  0.5139599070307961
}