{
f1_weighted:  0.48350325376345205
f1_macro:  0.3619122206227195
bin_f1_weighted:  0.8146477986848426
bin_f1_macro:  0.4847240439915246
}