{
f1_weighted:  0.533365177534139
f1_macro:  0.3719264426533014
bin_f1_weighted:  0.9389271586155059
bin_f1_macro:  0.5139599070307961
}