{
f1_weighted:  0.470661711628033
f1_macro:  0.36669466192423955
bin_f1_weighted:  0.8407406226596048
bin_f1_macro:  0.5074020958168858
}