{
f1_weighted:  0.5568049718981172
f1_macro:  0.41861688483379966
bin_f1_weighted:  0.9099436032520327
bin_f1_macro:  0.5377736348584101
}