{
f1_weighted:  0.5085932291402941
f1_macro:  0.3988365022552593
bin_f1_weighted:  0.8827305068090601
bin_f1_macro:  0.5298801027018115
}