{
f1_weighted:  0.4545359090548367
f1_macro:  0.3452249605382099
bin_f1_weighted:  0.7697962767350315
bin_f1_macro:  0.4573368904584597
}